STLV59_360	STLV59_A_360						
002-SQ401	1	1	0+0+0+0	125	250	500	1060
014-SQ401	1	2	0+0+0+0	75	0	300	434
014-SQ501	1	3	0+0+0+0	75	0	300	434
103-SQ401	1	4	0+0+0+0	375	0	1500	3619
103-SQ402	1	5	0+0+0+0	375	0	1500	3619
103-SQ501	1	6	0+0+0+0	375	0	1500	3619
103-SQ502	1	7	0+0+0+0	375	0	1500	3619
002-SQ402	2	1	0+0+0+0	175	0	700	1060
002-SQ501	2	2	0+0+0+0	125	250	500	1060
002-SQ502	2	3	0+0+0+0	175	0	700	1060
006-SQ401	2	4	0+0+0+0	188	0	750	1060
008-SQ501	2	5	0+0+0+0	188	0	750	1060
011-SQ401	2	6	0+0+0+0	50	0	200	700
011-SQ501	2	7	0+0+0+0	50	0	200	265
T1U-SQ401	2	8	0+0+0+0	50	0	200	434
001-SQ401	3	1	0+0+0+0	25	100	100	265
001-SQ501	3	2	0+0+0+0	25	100	100	265
109-SQ401	3	3	0+0+0+0	200	200	200	434
110-SQ501	3	4	0+0+0+0	200	200	200	265
212-SQ401	3	5	0+0+0+0	63	0	250	700
212-SQ501	3	6	0+0+0+0	63	0	250	700
213-SQ401	3	7	0+0+0+0	138	0	550	70
213-SQ501	3	8	0+0+0+0	138	0	550	265
